9.989999999999999991e-01
9.979999999999999982e-01
1.000000000000000000e+00
9.989999999999999991e-01
1.000000000000000000e+00
1.000000000000000000e+00
9.970999999999999863e-01
1.000000000000000000e+00
1.000000000000000000e+00
9.979999999999999982e-01
1.000000000000000000e+00
1.000000000000000000e+00
1.000000000000000000e+00
9.921999999999999709e-01
9.736000000000000210e-01
9.726000000000000201e-01
9.726000000000000201e-01
9.697000000000000064e-01
9.746000000000000218e-01
9.736000000000000210e-01
9.736000000000000210e-01
9.901999999999999691e-01
1.000000000000000000e+00
1.000000000000000000e+00
1.000000000000000000e+00
1.000000000000000000e+00
9.970999999999999863e-01
1.000000000000000000e+00
1.000000000000000000e+00
1.000000000000000000e+00
1.000000000000000000e+00
1.000000000000000000e+00
9.970999999999999863e-01
1.000000000000000000e+00
9.989999999999999991e-01
1.000000000000000000e+00
1.000000000000000000e+00
1.000000000000000000e+00
9.970999999999999863e-01
9.979999999999999982e-01
1.000000000000000000e+00
1.000000000000000000e+00
9.989999999999999991e-01
1.000000000000000000e+00
1.000000000000000000e+00
9.979999999999999982e-01
9.989999999999999991e-01
1.000000000000000000e+00
1.000000000000000000e+00
1.000000000000000000e+00
1.000000000000000000e+00
1.000000000000000000e+00
9.970999999999999863e-01
1.000000000000000000e+00
1.000000000000000000e+00
1.000000000000000000e+00
9.979999999999999982e-01
1.000000000000000000e+00
1.000000000000000000e+00
1.000000000000000000e+00
9.844000000000000528e-01
9.726000000000000201e-01
9.717000000000000082e-01
9.726000000000000201e-01
9.697000000000000064e-01
9.736000000000000210e-01
9.726000000000000201e-01
9.804000000000000492e-01
9.852999999999999536e-01
9.979999999999999982e-01
1.000000000000000000e+00
1.000000000000000000e+00
1.000000000000000000e+00
9.989999999999999991e-01
1.000000000000000000e+00
1.000000000000000000e+00
1.000000000000000000e+00
1.000000000000000000e+00
1.000000000000000000e+00
1.000000000000000000e+00
1.000000000000000000e+00
1.000000000000000000e+00
1.000000000000000000e+00
1.000000000000000000e+00
1.000000000000000000e+00
1.000000000000000000e+00
9.989999999999999991e-01
9.970999999999999863e-01
1.000000000000000000e+00
9.989999999999999991e-01
9.989999999999999991e-01
1.000000000000000000e+00
1.000000000000000000e+00
1.000000000000000000e+00
1.000000000000000000e+00
1.000000000000000000e+00
9.844000000000000528e-01
9.765000000000000346e-01
9.765000000000000346e-01
9.746000000000000218e-01
9.756000000000000227e-01
9.746000000000000218e-01
9.746000000000000218e-01
9.736000000000000210e-01
9.844000000000000528e-01
9.852999999999999536e-01
9.970999999999999863e-01
1.000000000000000000e+00
1.000000000000000000e+00
1.000000000000000000e+00
1.000000000000000000e+00
9.979999999999999982e-01
1.000000000000000000e+00
1.000000000000000000e+00
1.000000000000000000e+00
9.989999999999999991e-01
9.989999999999999991e-01
1.000000000000000000e+00
1.000000000000000000e+00
1.000000000000000000e+00
9.979999999999999982e-01
1.000000000000000000e+00
9.989999999999999991e-01
9.970999999999999863e-01
1.000000000000000000e+00
1.000000000000000000e+00
1.000000000000000000e+00
1.000000000000000000e+00
1.000000000000000000e+00
9.989999999999999991e-01
1.000000000000000000e+00
9.989999999999999991e-01
1.000000000000000000e+00
9.970999999999999863e-01
1.000000000000000000e+00
1.000000000000000000e+00
9.989999999999999991e-01
9.852999999999999536e-01
9.852999999999999536e-01
9.795000000000000373e-01
9.746000000000000218e-01
9.756000000000000227e-01
9.756000000000000227e-01
9.717000000000000082e-01
9.804000000000000492e-01
9.814000000000000501e-01
9.901999999999999691e-01
1.000000000000000000e+00
1.000000000000000000e+00
1.000000000000000000e+00
9.970999999999999863e-01
1.000000000000000000e+00
1.000000000000000000e+00
1.000000000000000000e+00
9.989999999999999991e-01
1.000000000000000000e+00
1.000000000000000000e+00
9.989999999999999991e-01
9.989999999999999991e-01
1.000000000000000000e+00
1.000000000000000000e+00
1.000000000000000000e+00
9.979999999999999982e-01
1.000000000000000000e+00
1.000000000000000000e+00
1.000000000000000000e+00
1.000000000000000000e+00
9.979999999999999982e-01
9.979999999999999982e-01
1.000000000000000000e+00
1.000000000000000000e+00
1.000000000000000000e+00
1.000000000000000000e+00
1.000000000000000000e+00
9.989999999999999991e-01
1.000000000000000000e+00
1.000000000000000000e+00
1.000000000000000000e+00
9.989999999999999991e-01
1.000000000000000000e+00
9.979999999999999982e-01
9.989999999999999991e-01
9.804000000000000492e-01
9.814000000000000501e-01
9.765000000000000346e-01
9.795000000000000373e-01
9.765000000000000346e-01
9.756000000000000227e-01
9.765000000000000346e-01
9.814000000000000501e-01
9.852999999999999536e-01
9.979999999999999982e-01
9.979999999999999982e-01
1.000000000000000000e+00
1.000000000000000000e+00
1.000000000000000000e+00
9.989999999999999991e-01
1.000000000000000000e+00
1.000000000000000000e+00
1.000000000000000000e+00
1.000000000000000000e+00
1.000000000000000000e+00
1.000000000000000000e+00
1.000000000000000000e+00
1.000000000000000000e+00
9.989999999999999991e-01
9.989999999999999991e-01
1.000000000000000000e+00
1.000000000000000000e+00
1.000000000000000000e+00
9.989999999999999991e-01
1.000000000000000000e+00
1.000000000000000000e+00
1.000000000000000000e+00
9.970999999999999863e-01
9.989999999999999991e-01
1.000000000000000000e+00
9.989999999999999991e-01
1.000000000000000000e+00
1.000000000000000000e+00
1.000000000000000000e+00
1.000000000000000000e+00
1.000000000000000000e+00
1.000000000000000000e+00
9.795000000000000373e-01
9.775000000000000355e-01
9.736000000000000210e-01
9.697000000000000064e-01
9.736000000000000210e-01
9.765000000000000346e-01
9.736000000000000210e-01
9.736000000000000210e-01
9.775000000000000355e-01
9.804000000000000492e-01
9.804000000000000492e-01
1.000000000000000000e+00
1.000000000000000000e+00
1.000000000000000000e+00
1.000000000000000000e+00
1.000000000000000000e+00
1.000000000000000000e+00
9.989999999999999991e-01
9.989999999999999991e-01
1.000000000000000000e+00
9.989999999999999991e-01
9.989999999999999991e-01
1.000000000000000000e+00
9.979999999999999982e-01
9.979999999999999982e-01
1.000000000000000000e+00
1.000000000000000000e+00
1.000000000000000000e+00
9.989999999999999991e-01
1.000000000000000000e+00
9.989999999999999991e-01
9.979999999999999982e-01
1.000000000000000000e+00
1.000000000000000000e+00
1.000000000000000000e+00
1.000000000000000000e+00
9.989999999999999991e-01
9.979999999999999982e-01
1.000000000000000000e+00
1.000000000000000000e+00
9.979999999999999982e-01
9.979999999999999982e-01
1.000000000000000000e+00
9.970999999999999863e-01
9.795000000000000373e-01
9.795000000000000373e-01
9.775000000000000355e-01
9.804000000000000492e-01
9.775000000000000355e-01
9.756000000000000227e-01
9.785000000000000364e-01
9.785000000000000364e-01
9.814000000000000501e-01
9.852999999999999536e-01
1.000000000000000000e+00
1.000000000000000000e+00
9.970999999999999863e-01
9.970999999999999863e-01
1.000000000000000000e+00
1.000000000000000000e+00
9.989999999999999991e-01
1.000000000000000000e+00
1.000000000000000000e+00
9.970999999999999863e-01
1.000000000000000000e+00
1.000000000000000000e+00
1.000000000000000000e+00
9.989999999999999991e-01
1.000000000000000000e+00
1.000000000000000000e+00
9.970999999999999863e-01
1.000000000000000000e+00
1.000000000000000000e+00
1.000000000000000000e+00
1.000000000000000000e+00
9.989999999999999991e-01
9.989999999999999991e-01
9.960999999999999854e-01
1.000000000000000000e+00
1.000000000000000000e+00
1.000000000000000000e+00
1.000000000000000000e+00
1.000000000000000000e+00
1.000000000000000000e+00
1.000000000000000000e+00
1.000000000000000000e+00
1.000000000000000000e+00
9.746000000000000218e-01
9.765000000000000346e-01
9.736000000000000210e-01
9.756000000000000227e-01
9.726000000000000201e-01
9.756000000000000227e-01
9.765000000000000346e-01
9.785000000000000364e-01
9.901999999999999691e-01
9.979999999999999982e-01
1.000000000000000000e+00
9.970999999999999863e-01
1.000000000000000000e+00
9.979999999999999982e-01
9.970999999999999863e-01
1.000000000000000000e+00
1.000000000000000000e+00
1.000000000000000000e+00
1.000000000000000000e+00
1.000000000000000000e+00
9.979999999999999982e-01
1.000000000000000000e+00
1.000000000000000000e+00
1.000000000000000000e+00
1.000000000000000000e+00
1.000000000000000000e+00
9.989999999999999991e-01
9.989999999999999991e-01
1.000000000000000000e+00
1.000000000000000000e+00
1.000000000000000000e+00
1.000000000000000000e+00
1.000000000000000000e+00
9.979999999999999982e-01
1.000000000000000000e+00
1.000000000000000000e+00
9.979999999999999982e-01
1.000000000000000000e+00
1.000000000000000000e+00
9.989999999999999991e-01
1.000000000000000000e+00
1.000000000000000000e+00
1.000000000000000000e+00
1.000000000000000000e+00
9.756000000000000227e-01
9.756000000000000227e-01
9.756000000000000227e-01
9.697000000000000064e-01
9.726000000000000201e-01
9.736000000000000210e-01
9.697000000000000064e-01
9.746000000000000218e-01
9.756000000000000227e-01
9.736000000000000210e-01
9.844000000000000528e-01
9.989999999999999991e-01
1.000000000000000000e+00
1.000000000000000000e+00
1.000000000000000000e+00
1.000000000000000000e+00
9.979999999999999982e-01
1.000000000000000000e+00
1.000000000000000000e+00
1.000000000000000000e+00
9.989999999999999991e-01
1.000000000000000000e+00
1.000000000000000000e+00
1.000000000000000000e+00
1.000000000000000000e+00
1.000000000000000000e+00
9.989999999999999991e-01
9.989999999999999991e-01
1.000000000000000000e+00
1.000000000000000000e+00
9.960999999999999854e-01
9.989999999999999991e-01
1.000000000000000000e+00
1.000000000000000000e+00
9.989999999999999991e-01
9.979999999999999982e-01
9.989999999999999991e-01
9.960999999999999854e-01
1.000000000000000000e+00
1.000000000000000000e+00
1.000000000000000000e+00
9.872999999999999554e-01
9.824000000000000510e-01
9.814000000000000501e-01
9.795000000000000373e-01
9.775000000000000355e-01
9.804000000000000492e-01
9.814000000000000501e-01
9.785000000000000364e-01
9.891999999999999682e-01
9.979999999999999982e-01
1.000000000000000000e+00
9.970999999999999863e-01
1.000000000000000000e+00
9.989999999999999991e-01
1.000000000000000000e+00
9.989999999999999991e-01
1.000000000000000000e+00
1.000000000000000000e+00
1.000000000000000000e+00
1.000000000000000000e+00
9.989999999999999991e-01
1.000000000000000000e+00
1.000000000000000000e+00
1.000000000000000000e+00
9.989999999999999991e-01
9.989999999999999991e-01
1.000000000000000000e+00
1.000000000000000000e+00
9.979999999999999982e-01
1.000000000000000000e+00
9.989999999999999991e-01
9.970999999999999863e-01
9.970999999999999863e-01
9.989999999999999991e-01
9.989999999999999991e-01
9.970999999999999863e-01
9.979999999999999982e-01
1.000000000000000000e+00
1.000000000000000000e+00
1.000000000000000000e+00
1.000000000000000000e+00
1.000000000000000000e+00
1.000000000000000000e+00
9.891999999999999682e-01
9.891999999999999682e-01
9.814000000000000501e-01
9.844000000000000528e-01
9.844000000000000528e-01
9.901999999999999691e-01
9.882999999999999563e-01
1.000000000000000000e+00
1.000000000000000000e+00
1.000000000000000000e+00
9.960999999999999854e-01
1.000000000000000000e+00
1.000000000000000000e+00
9.970999999999999863e-01
9.979999999999999982e-01
1.000000000000000000e+00
1.000000000000000000e+00
1.000000000000000000e+00
1.000000000000000000e+00
1.000000000000000000e+00
9.960999999999999854e-01
9.989999999999999991e-01
1.000000000000000000e+00
9.979999999999999982e-01
1.000000000000000000e+00
1.000000000000000000e+00
1.000000000000000000e+00
1.000000000000000000e+00
1.000000000000000000e+00
9.989999999999999991e-01
9.970999999999999863e-01
9.989999999999999991e-01
1.000000000000000000e+00
9.979999999999999982e-01
9.989999999999999991e-01
1.000000000000000000e+00
9.979999999999999982e-01
9.834000000000000519e-01
9.862999999999999545e-01
9.844000000000000528e-01
9.804000000000000492e-01
9.804000000000000492e-01
9.775000000000000355e-01
9.814000000000000501e-01
9.765000000000000346e-01
9.804000000000000492e-01
9.852999999999999536e-01
9.891999999999999682e-01
1.000000000000000000e+00
9.989999999999999991e-01
9.979999999999999982e-01
1.000000000000000000e+00
1.000000000000000000e+00
9.979999999999999982e-01
9.989999999999999991e-01
1.000000000000000000e+00
1.000000000000000000e+00
1.000000000000000000e+00
1.000000000000000000e+00
1.000000000000000000e+00
1.000000000000000000e+00
9.989999999999999991e-01
1.000000000000000000e+00
1.000000000000000000e+00
9.989999999999999991e-01
1.000000000000000000e+00
9.989999999999999991e-01
1.000000000000000000e+00
9.979999999999999982e-01
9.970999999999999863e-01
1.000000000000000000e+00
1.000000000000000000e+00
1.000000000000000000e+00
1.000000000000000000e+00
9.960999999999999854e-01
1.000000000000000000e+00
9.921999999999999709e-01
9.852999999999999536e-01
9.852999999999999536e-01
9.862999999999999545e-01
9.844000000000000528e-01
9.872999999999999554e-01
9.882999999999999563e-01
9.872999999999999554e-01
9.862999999999999545e-01
9.891999999999999682e-01
9.950999999999999845e-01
9.989999999999999991e-01
1.000000000000000000e+00
1.000000000000000000e+00
9.970999999999999863e-01
9.989999999999999991e-01
1.000000000000000000e+00
9.989999999999999991e-01
9.989999999999999991e-01
1.000000000000000000e+00
1.000000000000000000e+00
1.000000000000000000e+00
1.000000000000000000e+00
1.000000000000000000e+00
1.000000000000000000e+00
1.000000000000000000e+00
9.989999999999999991e-01
9.989999999999999991e-01
9.960999999999999854e-01
9.989999999999999991e-01
1.000000000000000000e+00
1.000000000000000000e+00
1.000000000000000000e+00
1.000000000000000000e+00
9.989999999999999991e-01
9.970999999999999863e-01
1.000000000000000000e+00
1.000000000000000000e+00
1.000000000000000000e+00
1.000000000000000000e+00
1.000000000000000000e+00
9.970999999999999863e-01
9.970999999999999863e-01
9.970999999999999863e-01
9.882999999999999563e-01
9.882999999999999563e-01
9.844000000000000528e-01
9.882999999999999563e-01
9.882999999999999563e-01
9.862999999999999545e-01
9.872999999999999554e-01
9.989999999999999991e-01
1.000000000000000000e+00
1.000000000000000000e+00
9.970999999999999863e-01
1.000000000000000000e+00
9.979999999999999982e-01
1.000000000000000000e+00
9.989999999999999991e-01
1.000000000000000000e+00
1.000000000000000000e+00
1.000000000000000000e+00
1.000000000000000000e+00
1.000000000000000000e+00
9.970999999999999863e-01
9.979999999999999982e-01
1.000000000000000000e+00
9.989999999999999991e-01
1.000000000000000000e+00
1.000000000000000000e+00
9.970999999999999863e-01
9.989999999999999991e-01
1.000000000000000000e+00
9.989999999999999991e-01
1.000000000000000000e+00
9.989999999999999991e-01
1.000000000000000000e+00
9.989999999999999991e-01
1.000000000000000000e+00
1.000000000000000000e+00
1.000000000000000000e+00
1.000000000000000000e+00
9.989999999999999991e-01
1.000000000000000000e+00
9.989999999999999991e-01
9.989999999999999991e-01
9.911999999999999700e-01
9.911999999999999700e-01
9.852999999999999536e-01
9.852999999999999536e-01
9.844000000000000528e-01
9.872999999999999554e-01
9.844000000000000528e-01
9.882999999999999563e-01
9.852999999999999536e-01
9.882999999999999563e-01
9.989999999999999991e-01
1.000000000000000000e+00
1.000000000000000000e+00
1.000000000000000000e+00
1.000000000000000000e+00
1.000000000000000000e+00
1.000000000000000000e+00
1.000000000000000000e+00
1.000000000000000000e+00
1.000000000000000000e+00
9.989999999999999991e-01
9.989999999999999991e-01
1.000000000000000000e+00
9.989999999999999991e-01
9.989999999999999991e-01
1.000000000000000000e+00
1.000000000000000000e+00
1.000000000000000000e+00
9.989999999999999991e-01
9.989999999999999991e-01
1.000000000000000000e+00
1.000000000000000000e+00
9.989999999999999991e-01
1.000000000000000000e+00
1.000000000000000000e+00
9.989999999999999991e-01
1.000000000000000000e+00
9.979999999999999982e-01
1.000000000000000000e+00
9.989999999999999991e-01
1.000000000000000000e+00
9.970999999999999863e-01
9.979999999999999982e-01
9.979999999999999982e-01
9.931999999999999718e-01
9.931999999999999718e-01
1.000000000000000000e+00
1.000000000000000000e+00
9.989999999999999991e-01
9.970999999999999863e-01
1.000000000000000000e+00
1.000000000000000000e+00
1.000000000000000000e+00
1.000000000000000000e+00
9.989999999999999991e-01
1.000000000000000000e+00
1.000000000000000000e+00
1.000000000000000000e+00
1.000000000000000000e+00
1.000000000000000000e+00
9.979999999999999982e-01
9.970999999999999863e-01
1.000000000000000000e+00
1.000000000000000000e+00
9.989999999999999991e-01
9.989999999999999991e-01
1.000000000000000000e+00
1.000000000000000000e+00
9.989999999999999991e-01
9.970999999999999863e-01
1.000000000000000000e+00
1.000000000000000000e+00
1.000000000000000000e+00
1.000000000000000000e+00
1.000000000000000000e+00
1.000000000000000000e+00
1.000000000000000000e+00
9.989999999999999991e-01
1.000000000000000000e+00
1.000000000000000000e+00
1.000000000000000000e+00
1.000000000000000000e+00
1.000000000000000000e+00
1.000000000000000000e+00
1.000000000000000000e+00
9.989999999999999991e-01
9.931999999999999718e-01
9.960999999999999854e-01
9.979999999999999982e-01
9.931999999999999718e-01
9.989999999999999991e-01
1.000000000000000000e+00
1.000000000000000000e+00
9.979999999999999982e-01
9.989999999999999991e-01
1.000000000000000000e+00
9.979999999999999982e-01
1.000000000000000000e+00
1.000000000000000000e+00
9.989999999999999991e-01
1.000000000000000000e+00
1.000000000000000000e+00
1.000000000000000000e+00
9.970999999999999863e-01
9.989999999999999991e-01
1.000000000000000000e+00
1.000000000000000000e+00
9.970999999999999863e-01
1.000000000000000000e+00
1.000000000000000000e+00
1.000000000000000000e+00
1.000000000000000000e+00
1.000000000000000000e+00
1.000000000000000000e+00
1.000000000000000000e+00
9.989999999999999991e-01
9.989999999999999991e-01
1.000000000000000000e+00
9.989999999999999991e-01
1.000000000000000000e+00
1.000000000000000000e+00
1.000000000000000000e+00
1.000000000000000000e+00
9.979999999999999982e-01
1.000000000000000000e+00
1.000000000000000000e+00
1.000000000000000000e+00
1.000000000000000000e+00
1.000000000000000000e+00
1.000000000000000000e+00
1.000000000000000000e+00
9.989999999999999991e-01
9.989999999999999991e-01
1.000000000000000000e+00
1.000000000000000000e+00
1.000000000000000000e+00
1.000000000000000000e+00
9.970999999999999863e-01
1.000000000000000000e+00
9.989999999999999991e-01
1.000000000000000000e+00
9.989999999999999991e-01
1.000000000000000000e+00
9.989999999999999991e-01
1.000000000000000000e+00
9.989999999999999991e-01
9.989999999999999991e-01
1.000000000000000000e+00
1.000000000000000000e+00
1.000000000000000000e+00
9.970999999999999863e-01
9.989999999999999991e-01
9.989999999999999991e-01
1.000000000000000000e+00
1.000000000000000000e+00
9.989999999999999991e-01
1.000000000000000000e+00
9.989999999999999991e-01
1.000000000000000000e+00
1.000000000000000000e+00
9.970999999999999863e-01
9.989999999999999991e-01
1.000000000000000000e+00
1.000000000000000000e+00
9.979999999999999982e-01
1.000000000000000000e+00
9.989999999999999991e-01
1.000000000000000000e+00
1.000000000000000000e+00
1.000000000000000000e+00
1.000000000000000000e+00
1.000000000000000000e+00
1.000000000000000000e+00
1.000000000000000000e+00
1.000000000000000000e+00
1.000000000000000000e+00
1.000000000000000000e+00
1.000000000000000000e+00
1.000000000000000000e+00
9.989999999999999991e-01
9.989999999999999991e-01
9.979999999999999982e-01
1.000000000000000000e+00
1.000000000000000000e+00
9.970999999999999863e-01
1.000000000000000000e+00
9.989999999999999991e-01
1.000000000000000000e+00
9.989999999999999991e-01
9.882999999999999563e-01
9.844000000000000528e-01
9.834000000000000519e-01
9.852999999999999536e-01
9.882999999999999563e-01
9.872999999999999554e-01
9.844000000000000528e-01
9.882999999999999563e-01
9.960999999999999854e-01
9.970999999999999863e-01
9.989999999999999991e-01
1.000000000000000000e+00
1.000000000000000000e+00
1.000000000000000000e+00
9.989999999999999991e-01
9.979999999999999982e-01
1.000000000000000000e+00
9.989999999999999991e-01
9.970999999999999863e-01
1.000000000000000000e+00
1.000000000000000000e+00
1.000000000000000000e+00
1.000000000000000000e+00
9.989999999999999991e-01
1.000000000000000000e+00
9.970999999999999863e-01
1.000000000000000000e+00
1.000000000000000000e+00
9.989999999999999991e-01
1.000000000000000000e+00
9.989999999999999991e-01
1.000000000000000000e+00
1.000000000000000000e+00
1.000000000000000000e+00
1.000000000000000000e+00
1.000000000000000000e+00
1.000000000000000000e+00
1.000000000000000000e+00
9.921999999999999709e-01
9.872999999999999554e-01
9.911999999999999700e-01
9.921999999999999709e-01
9.891999999999999682e-01
9.891999999999999682e-01
9.911999999999999700e-01
9.882999999999999563e-01
9.921999999999999709e-01
9.911999999999999700e-01
9.921999999999999709e-01
1.000000000000000000e+00
1.000000000000000000e+00
9.989999999999999991e-01
1.000000000000000000e+00
1.000000000000000000e+00
9.989999999999999991e-01
1.000000000000000000e+00
1.000000000000000000e+00
9.989999999999999991e-01
1.000000000000000000e+00
1.000000000000000000e+00
1.000000000000000000e+00
1.000000000000000000e+00
1.000000000000000000e+00
1.000000000000000000e+00
1.000000000000000000e+00
9.989999999999999991e-01
1.000000000000000000e+00
1.000000000000000000e+00
1.000000000000000000e+00
1.000000000000000000e+00
1.000000000000000000e+00
9.989999999999999991e-01
1.000000000000000000e+00
9.989999999999999991e-01
1.000000000000000000e+00
1.000000000000000000e+00
9.989999999999999991e-01
9.911999999999999700e-01
9.891999999999999682e-01
9.901999999999999691e-01
9.891999999999999682e-01
9.882999999999999563e-01
9.852999999999999536e-01
9.852999999999999536e-01
9.891999999999999682e-01
9.891999999999999682e-01
9.901999999999999691e-01
9.852999999999999536e-01
9.901999999999999691e-01
9.852999999999999536e-01
9.882999999999999563e-01
9.862999999999999545e-01
9.852999999999999536e-01
9.891999999999999682e-01
9.872999999999999554e-01
9.862999999999999545e-01
9.862999999999999545e-01
9.852999999999999536e-01
9.872999999999999554e-01
9.852999999999999536e-01
9.901999999999999691e-01
9.852999999999999536e-01
9.901999999999999691e-01
9.882999999999999563e-01
9.891999999999999682e-01
9.882999999999999563e-01
9.844000000000000528e-01
9.872999999999999554e-01
9.872999999999999554e-01
9.872999999999999554e-01
9.921999999999999709e-01
9.911999999999999700e-01
9.901999999999999691e-01
9.921999999999999709e-01
9.891999999999999682e-01
9.891999999999999682e-01
9.921999999999999709e-01
9.921999999999999709e-01
9.891999999999999682e-01
9.891999999999999682e-01
9.940999999999999837e-01
9.911999999999999700e-01
9.891999999999999682e-01
9.891999999999999682e-01
9.921999999999999709e-01
9.901999999999999691e-01
9.891999999999999682e-01
9.921999999999999709e-01
9.921999999999999709e-01
9.882999999999999563e-01
9.921999999999999709e-01
9.921999999999999709e-01
9.921999999999999709e-01
9.921999999999999709e-01
9.921999999999999709e-01
9.960999999999999854e-01
9.989999999999999991e-01
1.000000000000000000e+00
1.000000000000000000e+00
9.989999999999999991e-01
1.000000000000000000e+00
1.000000000000000000e+00
1.000000000000000000e+00
9.979999999999999982e-01
1.000000000000000000e+00
9.989999999999999991e-01
9.989999999999999991e-01
1.000000000000000000e+00
9.989999999999999991e-01
1.000000000000000000e+00
1.000000000000000000e+00
1.000000000000000000e+00
9.989999999999999991e-01
9.970999999999999863e-01
9.989999999999999991e-01
1.000000000000000000e+00
9.979999999999999982e-01
9.989999999999999991e-01
1.000000000000000000e+00
9.979999999999999982e-01
1.000000000000000000e+00
1.000000000000000000e+00
1.000000000000000000e+00
9.979999999999999982e-01
9.979999999999999982e-01
1.000000000000000000e+00
1.000000000000000000e+00
9.979999999999999982e-01
9.979999999999999982e-01
1.000000000000000000e+00
9.989999999999999991e-01
1.000000000000000000e+00
1.000000000000000000e+00
1.000000000000000000e+00
1.000000000000000000e+00
1.000000000000000000e+00
1.000000000000000000e+00
1.000000000000000000e+00
1.000000000000000000e+00
1.000000000000000000e+00
9.989999999999999991e-01
1.000000000000000000e+00
9.989999999999999991e-01
1.000000000000000000e+00
9.872999999999999554e-01
9.911999999999999700e-01
9.872999999999999554e-01
9.882999999999999563e-01
9.862999999999999545e-01
9.852999999999999536e-01
9.852999999999999536e-01
9.882999999999999563e-01
9.824000000000000510e-01
9.862999999999999545e-01
9.882999999999999563e-01
9.882999999999999563e-01
9.862999999999999545e-01
9.911999999999999700e-01
9.911999999999999700e-01
9.901999999999999691e-01
9.882999999999999563e-01
9.911999999999999700e-01
9.921999999999999709e-01
9.882999999999999563e-01
9.901999999999999691e-01
9.940999999999999837e-01
9.979999999999999982e-01
1.000000000000000000e+00
9.989999999999999991e-01
9.989999999999999991e-01
9.970999999999999863e-01
9.979999999999999982e-01
1.000000000000000000e+00
1.000000000000000000e+00
9.989999999999999991e-01
1.000000000000000000e+00
1.000000000000000000e+00
9.989999999999999991e-01
1.000000000000000000e+00
1.000000000000000000e+00
9.989999999999999991e-01
1.000000000000000000e+00
9.989999999999999991e-01
1.000000000000000000e+00
1.000000000000000000e+00
1.000000000000000000e+00
9.989999999999999991e-01
1.000000000000000000e+00
9.989999999999999991e-01
1.000000000000000000e+00
1.000000000000000000e+00
9.756000000000000227e-01
9.608999999999999764e-01
9.569999999999999618e-01
9.500999999999999446e-01
9.520999999999999464e-01
9.482000000000000428e-01
9.492000000000000437e-01
9.482000000000000428e-01
9.520999999999999464e-01
9.462000000000000410e-01
9.462000000000000410e-01
9.472000000000000419e-01
9.482000000000000428e-01
9.453000000000000291e-01
9.423000000000000265e-01
9.453000000000000291e-01
9.453000000000000291e-01
9.423000000000000265e-01
9.433000000000000274e-01
9.472000000000000419e-01
9.559999999999999609e-01
9.579999999999999627e-01
9.588999999999999746e-01
9.736000000000000210e-01
9.785000000000000364e-01
9.940999999999999837e-01
9.970999999999999863e-01
1.000000000000000000e+00
1.000000000000000000e+00
1.000000000000000000e+00
9.989999999999999991e-01
9.989999999999999991e-01
9.970999999999999863e-01
9.756000000000000227e-01
9.540999999999999481e-01
9.618999999999999773e-01
9.657999999999999918e-01
9.637999999999999901e-01
9.628999999999999782e-01
9.637999999999999901e-01
9.717000000000000082e-01
9.844000000000000528e-01
1.000000000000000000e+00
1.000000000000000000e+00
9.989999999999999991e-01
9.989999999999999991e-01
1.000000000000000000e+00
1.000000000000000000e+00
1.000000000000000000e+00
9.970999999999999863e-01
1.000000000000000000e+00
1.000000000000000000e+00
1.000000000000000000e+00
1.000000000000000000e+00
1.000000000000000000e+00
1.000000000000000000e+00
9.960999999999999854e-01
1.000000000000000000e+00
1.000000000000000000e+00
1.000000000000000000e+00
9.989999999999999991e-01
1.000000000000000000e+00
1.000000000000000000e+00
1.000000000000000000e+00
1.000000000000000000e+00
1.000000000000000000e+00
1.000000000000000000e+00
1.000000000000000000e+00
1.000000000000000000e+00
1.000000000000000000e+00
9.785000000000000364e-01
9.726000000000000201e-01
9.697000000000000064e-01
9.717000000000000082e-01
9.697000000000000064e-01
9.717000000000000082e-01
9.726000000000000201e-01
9.687000000000000055e-01
9.746000000000000218e-01
9.824000000000000510e-01
9.979999999999999982e-01
1.000000000000000000e+00
9.989999999999999991e-01
1.000000000000000000e+00
1.000000000000000000e+00
9.989999999999999991e-01
9.970999999999999863e-01
1.000000000000000000e+00
1.000000000000000000e+00
9.989999999999999991e-01
1.000000000000000000e+00
9.979999999999999982e-01
9.989999999999999991e-01
1.000000000000000000e+00
1.000000000000000000e+00
9.970999999999999863e-01
1.000000000000000000e+00
1.000000000000000000e+00
9.989999999999999991e-01
9.979999999999999982e-01
9.989999999999999991e-01
1.000000000000000000e+00
1.000000000000000000e+00
1.000000000000000000e+00
1.000000000000000000e+00
1.000000000000000000e+00
1.000000000000000000e+00
1.000000000000000000e+00
1.000000000000000000e+00
9.970999999999999863e-01
9.979999999999999982e-01
1.000000000000000000e+00
1.000000000000000000e+00
9.979999999999999982e-01
1.000000000000000000e+00
9.970999999999999863e-01
9.970999999999999863e-01
9.989999999999999991e-01
1.000000000000000000e+00
1.000000000000000000e+00
9.989999999999999991e-01
9.989999999999999991e-01
1.000000000000000000e+00
9.989999999999999991e-01
1.000000000000000000e+00
9.989999999999999991e-01
9.989999999999999991e-01
1.000000000000000000e+00
1.000000000000000000e+00
1.000000000000000000e+00
9.989999999999999991e-01
1.000000000000000000e+00
1.000000000000000000e+00
9.989999999999999991e-01
9.989999999999999991e-01
1.000000000000000000e+00
9.989999999999999991e-01
1.000000000000000000e+00
1.000000000000000000e+00
9.989999999999999991e-01
9.979999999999999982e-01
1.000000000000000000e+00
1.000000000000000000e+00
1.000000000000000000e+00
1.000000000000000000e+00
9.989999999999999991e-01
1.000000000000000000e+00
1.000000000000000000e+00
1.000000000000000000e+00
1.000000000000000000e+00
1.000000000000000000e+00
1.000000000000000000e+00
1.000000000000000000e+00
1.000000000000000000e+00
1.000000000000000000e+00
1.000000000000000000e+00
1.000000000000000000e+00
1.000000000000000000e+00
1.000000000000000000e+00
1.000000000000000000e+00
9.979999999999999982e-01
9.979999999999999982e-01
1.000000000000000000e+00
1.000000000000000000e+00
9.979999999999999982e-01
1.000000000000000000e+00
1.000000000000000000e+00
1.000000000000000000e+00
9.989999999999999991e-01
1.000000000000000000e+00
1.000000000000000000e+00
1.000000000000000000e+00
9.979999999999999982e-01
1.000000000000000000e+00
1.000000000000000000e+00
1.000000000000000000e+00
1.000000000000000000e+00
1.000000000000000000e+00
1.000000000000000000e+00
9.989999999999999991e-01
9.970999999999999863e-01
1.000000000000000000e+00
1.000000000000000000e+00
1.000000000000000000e+00
9.989999999999999991e-01
9.989999999999999991e-01
1.000000000000000000e+00
9.989999999999999991e-01
1.000000000000000000e+00
1.000000000000000000e+00
1.000000000000000000e+00
9.979999999999999982e-01
9.989999999999999991e-01
1.000000000000000000e+00
1.000000000000000000e+00
9.979999999999999982e-01
9.979999999999999982e-01
9.989999999999999991e-01
9.989999999999999991e-01
1.000000000000000000e+00
1.000000000000000000e+00
1.000000000000000000e+00
9.989999999999999991e-01
1.000000000000000000e+00
9.979999999999999982e-01
1.000000000000000000e+00
1.000000000000000000e+00
9.960999999999999854e-01
9.989999999999999991e-01
1.000000000000000000e+00
1.000000000000000000e+00
1.000000000000000000e+00
1.000000000000000000e+00
9.989999999999999991e-01
9.960999999999999854e-01
1.000000000000000000e+00
9.989999999999999991e-01
1.000000000000000000e+00
9.989999999999999991e-01
9.989999999999999991e-01
1.000000000000000000e+00
1.000000000000000000e+00
9.989999999999999991e-01
1.000000000000000000e+00
1.000000000000000000e+00
1.000000000000000000e+00
1.000000000000000000e+00
9.989999999999999991e-01
9.979999999999999982e-01
1.000000000000000000e+00
1.000000000000000000e+00
1.000000000000000000e+00
9.979999999999999982e-01
1.000000000000000000e+00
1.000000000000000000e+00
1.000000000000000000e+00
1.000000000000000000e+00
1.000000000000000000e+00
9.970999999999999863e-01
1.000000000000000000e+00
1.000000000000000000e+00
1.000000000000000000e+00
1.000000000000000000e+00
1.000000000000000000e+00
1.000000000000000000e+00
1.000000000000000000e+00
9.989999999999999991e-01
1.000000000000000000e+00
1.000000000000000000e+00
1.000000000000000000e+00
1.000000000000000000e+00
1.000000000000000000e+00
1.000000000000000000e+00
9.979999999999999982e-01
1.000000000000000000e+00
9.989999999999999991e-01
1.000000000000000000e+00
9.970999999999999863e-01
9.989999999999999991e-01
9.979999999999999982e-01
1.000000000000000000e+00
9.989999999999999991e-01
1.000000000000000000e+00
1.000000000000000000e+00
1.000000000000000000e+00
1.000000000000000000e+00
1.000000000000000000e+00
1.000000000000000000e+00
9.989999999999999991e-01
1.000000000000000000e+00
1.000000000000000000e+00
9.979999999999999982e-01
9.989999999999999991e-01
1.000000000000000000e+00
1.000000000000000000e+00
9.989999999999999991e-01
1.000000000000000000e+00
9.989999999999999991e-01
1.000000000000000000e+00
1.000000000000000000e+00
1.000000000000000000e+00
9.989999999999999991e-01
1.000000000000000000e+00
9.989999999999999991e-01
9.989999999999999991e-01
9.979999999999999982e-01
1.000000000000000000e+00
1.000000000000000000e+00
9.989999999999999991e-01
9.989999999999999991e-01
9.989999999999999991e-01
9.989999999999999991e-01
1.000000000000000000e+00
1.000000000000000000e+00
1.000000000000000000e+00
1.000000000000000000e+00
1.000000000000000000e+00
1.000000000000000000e+00
9.989999999999999991e-01
1.000000000000000000e+00
1.000000000000000000e+00
1.000000000000000000e+00
1.000000000000000000e+00
1.000000000000000000e+00
1.000000000000000000e+00
9.970999999999999863e-01
1.000000000000000000e+00
1.000000000000000000e+00
1.000000000000000000e+00
