1.000000000000000000e+00
1.000000000000000000e+00
1.000000000000000000e+00
1.000000000000000000e+00
9.979999999999999982e-01
1.000000000000000000e+00
9.979999999999999982e-01
1.000000000000000000e+00
1.000000000000000000e+00
1.000000000000000000e+00
1.000000000000000000e+00
9.979999999999999982e-01
1.000000000000000000e+00
9.989999999999999991e-01
1.000000000000000000e+00
1.000000000000000000e+00
9.989999999999999991e-01
1.000000000000000000e+00
1.000000000000000000e+00
1.000000000000000000e+00
9.989999999999999991e-01
1.000000000000000000e+00
1.000000000000000000e+00
1.000000000000000000e+00
9.989999999999999991e-01
1.000000000000000000e+00
1.000000000000000000e+00
1.000000000000000000e+00
1.000000000000000000e+00
9.989999999999999991e-01
1.000000000000000000e+00
1.000000000000000000e+00
9.989999999999999991e-01
9.970999999999999863e-01
9.970999999999999863e-01
1.000000000000000000e+00
1.000000000000000000e+00
1.000000000000000000e+00
9.989999999999999991e-01
9.989999999999999991e-01
1.000000000000000000e+00
9.970999999999999863e-01
1.000000000000000000e+00
1.000000000000000000e+00
9.970999999999999863e-01
1.000000000000000000e+00
1.000000000000000000e+00
9.979999999999999982e-01
1.000000000000000000e+00
1.000000000000000000e+00
1.000000000000000000e+00
1.000000000000000000e+00
9.989999999999999991e-01
1.000000000000000000e+00
1.000000000000000000e+00
9.979999999999999982e-01
1.000000000000000000e+00
1.000000000000000000e+00
1.000000000000000000e+00
1.000000000000000000e+00
1.000000000000000000e+00
1.000000000000000000e+00
9.989999999999999991e-01
9.970999999999999863e-01
9.970999999999999863e-01
9.970999999999999863e-01
9.989999999999999991e-01
9.979999999999999982e-01
9.989999999999999991e-01
1.000000000000000000e+00
9.989999999999999991e-01
1.000000000000000000e+00
1.000000000000000000e+00
9.970999999999999863e-01
1.000000000000000000e+00
1.000000000000000000e+00
9.979999999999999982e-01
9.970999999999999863e-01
9.979999999999999982e-01
1.000000000000000000e+00
9.989999999999999991e-01
9.979999999999999982e-01
9.989999999999999991e-01
9.989999999999999991e-01
1.000000000000000000e+00
1.000000000000000000e+00
9.989999999999999991e-01
1.000000000000000000e+00
9.979999999999999982e-01
9.989999999999999991e-01
1.000000000000000000e+00
1.000000000000000000e+00
1.000000000000000000e+00
1.000000000000000000e+00
1.000000000000000000e+00
1.000000000000000000e+00
9.989999999999999991e-01
1.000000000000000000e+00
1.000000000000000000e+00
1.000000000000000000e+00
9.989999999999999991e-01
1.000000000000000000e+00
1.000000000000000000e+00
9.989999999999999991e-01
1.000000000000000000e+00
1.000000000000000000e+00
1.000000000000000000e+00
9.989999999999999991e-01
9.989999999999999991e-01
7.195000000000000284e-01
6.294999999999999485e-01
5.717999999999999750e-01
5.336999999999999522e-01
5.102999999999999758e-01
4.769999999999999796e-01
4.536000000000000032e-01
4.290999999999999814e-01
4.057000000000000051e-01
4.007999999999999896e-01
4.017999999999999905e-01
4.057000000000000051e-01
4.027000000000000024e-01
3.987999999999999878e-01
3.958999999999999742e-01
3.930000000000000160e-01
3.891000000000000014e-01
3.821999999999999842e-01
3.803000000000000269e-01
3.811999999999999833e-01
3.811999999999999833e-01
3.803000000000000269e-01
3.841999999999999860e-01
3.821999999999999842e-01
3.841999999999999860e-01
3.821999999999999842e-01
3.821999999999999842e-01
3.831999999999999851e-01
3.821999999999999842e-01
3.831999999999999851e-01
3.881000000000000005e-01
3.870999999999999996e-01
3.860999999999999988e-01
3.881000000000000005e-01
3.881000000000000005e-01
3.870999999999999996e-01
3.870999999999999996e-01
3.881000000000000005e-01
3.870999999999999996e-01
3.870999999999999996e-01
3.860999999999999988e-01
3.870999999999999996e-01
3.881000000000000005e-01
3.881000000000000005e-01
3.881000000000000005e-01
3.891000000000000014e-01
3.900000000000000133e-01
3.881000000000000005e-01
3.870999999999999996e-01
3.881000000000000005e-01
3.870999999999999996e-01
3.860999999999999988e-01
3.881000000000000005e-01
3.860999999999999988e-01
3.870999999999999996e-01
3.850999999999999979e-01
3.841999999999999860e-01
3.821999999999999842e-01
3.841999999999999860e-01
3.841999999999999860e-01
3.841999999999999860e-01
3.831999999999999851e-01
3.811999999999999833e-01
3.821999999999999842e-01
3.860999999999999988e-01
3.881000000000000005e-01
3.881000000000000005e-01
3.891000000000000014e-01
3.900000000000000133e-01
3.920000000000000151e-01
3.948999999999999733e-01
3.948999999999999733e-01
3.938999999999999724e-01
3.930000000000000160e-01
3.968999999999999750e-01
3.977999999999999869e-01
4.027000000000000024e-01
4.037000000000000033e-01
4.037000000000000033e-01
4.047000000000000042e-01
4.057000000000000051e-01
4.066000000000000170e-01
4.047000000000000042e-01
4.066000000000000170e-01
4.057000000000000051e-01
4.027000000000000024e-01
4.027000000000000024e-01
4.017999999999999905e-01
4.027000000000000024e-01
4.007999999999999896e-01
4.017999999999999905e-01
4.017999999999999905e-01
4.057000000000000051e-01
4.017999999999999905e-01
4.027000000000000024e-01
4.047000000000000042e-01
4.017999999999999905e-01
4.017999999999999905e-01
3.997999999999999887e-01
3.997999999999999887e-01
3.987999999999999878e-01
4.007999999999999896e-01
4.007999999999999896e-01
4.017999999999999905e-01
4.027000000000000024e-01
4.027000000000000024e-01
4.027000000000000024e-01
4.017999999999999905e-01
3.997999999999999887e-01
3.997999999999999887e-01
3.977999999999999869e-01
3.968999999999999750e-01
3.948999999999999733e-01
3.938999999999999724e-01
3.920000000000000151e-01
3.900000000000000133e-01
3.920000000000000151e-01
3.900000000000000133e-01
3.910000000000000142e-01
3.910000000000000142e-01
3.870999999999999996e-01
3.870999999999999996e-01
3.841999999999999860e-01
3.831999999999999851e-01
3.841999999999999860e-01
3.831999999999999851e-01
3.803000000000000269e-01
3.793000000000000260e-01
3.783000000000000251e-01
3.793000000000000260e-01
3.850999999999999979e-01
3.881000000000000005e-01
3.891000000000000014e-01
3.860999999999999988e-01
3.841999999999999860e-01
3.850999999999999979e-01
3.811999999999999833e-01
3.870999999999999996e-01
3.938999999999999724e-01
3.958999999999999742e-01
3.968999999999999750e-01
3.958999999999999742e-01
3.958999999999999742e-01
3.968999999999999750e-01
3.948999999999999733e-01
3.920000000000000151e-01
3.910000000000000142e-01
3.891000000000000014e-01
3.860999999999999988e-01
3.870999999999999996e-01
3.891000000000000014e-01
3.930000000000000160e-01
3.930000000000000160e-01
3.938999999999999724e-01
3.958999999999999742e-01
3.938999999999999724e-01
3.948999999999999733e-01
3.930000000000000160e-01
3.958999999999999742e-01
3.938999999999999724e-01
3.938999999999999724e-01
3.930000000000000160e-01
3.910000000000000142e-01
3.910000000000000142e-01
3.900000000000000133e-01
3.930000000000000160e-01
3.920000000000000151e-01
3.930000000000000160e-01
3.968999999999999750e-01
3.968999999999999750e-01
3.997999999999999887e-01
3.987999999999999878e-01
3.977999999999999869e-01
3.948999999999999733e-01
3.938999999999999724e-01
3.920000000000000151e-01
3.920000000000000151e-01
3.930000000000000160e-01
3.930000000000000160e-01
3.938999999999999724e-01
3.968999999999999750e-01
3.997999999999999887e-01
4.007999999999999896e-01
3.977999999999999869e-01
4.007999999999999896e-01
4.007999999999999896e-01
4.037000000000000033e-01
4.037000000000000033e-01
4.037000000000000033e-01
3.997999999999999887e-01
4.007999999999999896e-01
4.007999999999999896e-01
4.007999999999999896e-01
3.987999999999999878e-01
3.968999999999999750e-01
3.958999999999999742e-01
3.958999999999999742e-01
3.968999999999999750e-01
3.987999999999999878e-01
3.977999999999999869e-01
3.987999999999999878e-01
3.997999999999999887e-01
3.968999999999999750e-01
3.968999999999999750e-01
3.948999999999999733e-01
3.958999999999999742e-01
3.930000000000000160e-01
3.977999999999999869e-01
3.997999999999999887e-01
3.987999999999999878e-01
3.977999999999999869e-01
3.977999999999999869e-01
3.968999999999999750e-01
3.968999999999999750e-01
3.997999999999999887e-01
4.017999999999999905e-01
4.017999999999999905e-01
4.027000000000000024e-01
4.047000000000000042e-01
4.057000000000000051e-01
4.037000000000000033e-01
4.017999999999999905e-01
3.968999999999999750e-01
3.987999999999999878e-01
3.948999999999999733e-01
3.997999999999999887e-01
4.017999999999999905e-01
4.037000000000000033e-01
4.047000000000000042e-01
4.037000000000000033e-01
4.037000000000000033e-01
3.997999999999999887e-01
3.977999999999999869e-01
3.968999999999999750e-01
3.958999999999999742e-01
3.948999999999999733e-01
3.948999999999999733e-01
3.958999999999999742e-01
3.948999999999999733e-01
3.948999999999999733e-01
3.948999999999999733e-01
3.968999999999999750e-01
3.930000000000000160e-01
3.900000000000000133e-01
3.910000000000000142e-01
3.930000000000000160e-01
3.900000000000000133e-01
3.920000000000000151e-01
3.910000000000000142e-01
3.910000000000000142e-01
3.891000000000000014e-01
3.891000000000000014e-01
3.860999999999999988e-01
3.900000000000000133e-01
3.891000000000000014e-01
3.920000000000000151e-01
3.920000000000000151e-01
3.900000000000000133e-01
3.900000000000000133e-01
3.870999999999999996e-01
3.850999999999999979e-01
3.850999999999999979e-01
3.860999999999999988e-01
3.870999999999999996e-01
3.870999999999999996e-01
3.881000000000000005e-01
3.870999999999999996e-01
3.891000000000000014e-01
3.891000000000000014e-01
3.900000000000000133e-01
3.881000000000000005e-01
3.900000000000000133e-01
3.891000000000000014e-01
3.891000000000000014e-01
3.900000000000000133e-01
3.920000000000000151e-01
3.881000000000000005e-01
3.881000000000000005e-01
3.870999999999999996e-01
3.900000000000000133e-01
3.881000000000000005e-01
3.930000000000000160e-01
3.930000000000000160e-01
3.938999999999999724e-01
3.920000000000000151e-01
3.920000000000000151e-01
3.920000000000000151e-01
3.891000000000000014e-01
3.900000000000000133e-01
3.900000000000000133e-01
3.930000000000000160e-01
3.920000000000000151e-01
3.891000000000000014e-01
3.910000000000000142e-01
3.900000000000000133e-01
3.900000000000000133e-01
3.938999999999999724e-01
3.958999999999999742e-01
3.958999999999999742e-01
3.958999999999999742e-01
3.977999999999999869e-01
3.958999999999999742e-01
3.948999999999999733e-01
3.920000000000000151e-01
3.910000000000000142e-01
3.920000000000000151e-01
3.938999999999999724e-01
3.948999999999999733e-01
3.938999999999999724e-01
3.930000000000000160e-01
3.920000000000000151e-01
3.920000000000000151e-01
3.948999999999999733e-01
3.997999999999999887e-01
4.007999999999999896e-01
3.987999999999999878e-01
3.977999999999999869e-01
3.958999999999999742e-01
3.930000000000000160e-01
3.938999999999999724e-01
3.968999999999999750e-01
3.997999999999999887e-01
4.017999999999999905e-01
4.037000000000000033e-01
4.027000000000000024e-01
4.086000000000000187e-01
4.086000000000000187e-01
4.106000000000000205e-01
4.076000000000000179e-01
4.057000000000000051e-01
4.076000000000000179e-01
4.066000000000000170e-01
4.066000000000000170e-01
4.027000000000000024e-01
4.037000000000000033e-01
4.037000000000000033e-01
4.037000000000000033e-01
4.057000000000000051e-01
4.076000000000000179e-01
4.086000000000000187e-01
4.134999999999999787e-01
4.163999999999999924e-01
4.213000000000000078e-01
4.242000000000000215e-01
4.242000000000000215e-01
4.290999999999999814e-01
4.290999999999999814e-01
4.282000000000000250e-01
4.310999999999999832e-01
4.339999999999999969e-01
4.329999999999999960e-01
4.320999999999999841e-01
4.300999999999999823e-01
4.282000000000000250e-01
4.252000000000000224e-01
4.233000000000000096e-01
4.173999999999999932e-01
4.114999999999999769e-01
4.076000000000000179e-01
4.027000000000000024e-01
4.027000000000000024e-01
3.997999999999999887e-01
3.987999999999999878e-01
3.977999999999999869e-01
3.948999999999999733e-01
3.968999999999999750e-01
3.948999999999999733e-01
3.938999999999999724e-01
3.930000000000000160e-01
3.920000000000000151e-01
3.910000000000000142e-01
3.881000000000000005e-01
3.900000000000000133e-01
3.910000000000000142e-01
3.900000000000000133e-01
3.881000000000000005e-01
3.881000000000000005e-01
3.881000000000000005e-01
3.870999999999999996e-01
3.850999999999999979e-01
3.841999999999999860e-01
3.821999999999999842e-01
3.803000000000000269e-01
3.811999999999999833e-01
3.803000000000000269e-01
3.811999999999999833e-01
3.821999999999999842e-01
3.821999999999999842e-01
3.821999999999999842e-01
3.821999999999999842e-01
3.821999999999999842e-01
3.821999999999999842e-01
3.811999999999999833e-01
3.831999999999999851e-01
3.831999999999999851e-01
3.841999999999999860e-01
3.831999999999999851e-01
3.841999999999999860e-01
3.821999999999999842e-01
3.850999999999999979e-01
3.831999999999999851e-01
3.831999999999999851e-01
3.841999999999999860e-01
3.850999999999999979e-01
3.860999999999999988e-01
3.881000000000000005e-01
3.870999999999999996e-01
3.891000000000000014e-01
3.891000000000000014e-01
3.900000000000000133e-01
3.870999999999999996e-01
3.891000000000000014e-01
3.881000000000000005e-01
3.881000000000000005e-01
3.860999999999999988e-01
3.850999999999999979e-01
3.860999999999999988e-01
3.860999999999999988e-01
3.850999999999999979e-01
3.870999999999999996e-01
3.860999999999999988e-01
3.870999999999999996e-01
3.850999999999999979e-01
3.841999999999999860e-01
3.850999999999999979e-01
3.850999999999999979e-01
3.870999999999999996e-01
3.870999999999999996e-01
3.870999999999999996e-01
3.881000000000000005e-01
3.900000000000000133e-01
3.860999999999999988e-01
3.900000000000000133e-01
3.900000000000000133e-01
3.881000000000000005e-01
3.920000000000000151e-01
3.891000000000000014e-01
3.891000000000000014e-01
3.881000000000000005e-01
3.900000000000000133e-01
3.910000000000000142e-01
3.910000000000000142e-01
3.891000000000000014e-01
3.910000000000000142e-01
3.930000000000000160e-01
3.910000000000000142e-01
3.920000000000000151e-01
3.910000000000000142e-01
3.900000000000000133e-01
3.900000000000000133e-01
3.920000000000000151e-01
3.920000000000000151e-01
3.910000000000000142e-01
3.920000000000000151e-01
3.920000000000000151e-01
3.900000000000000133e-01
3.930000000000000160e-01
3.920000000000000151e-01
3.900000000000000133e-01
3.920000000000000151e-01
3.930000000000000160e-01
3.930000000000000160e-01
3.920000000000000151e-01
3.938999999999999724e-01
3.938999999999999724e-01
3.958999999999999742e-01
3.948999999999999733e-01
3.938999999999999724e-01
3.948999999999999733e-01
3.958999999999999742e-01
3.920000000000000151e-01
3.920000000000000151e-01
3.930000000000000160e-01
3.920000000000000151e-01
3.900000000000000133e-01
3.891000000000000014e-01
3.881000000000000005e-01
3.900000000000000133e-01
3.938999999999999724e-01
3.938999999999999724e-01
3.948999999999999733e-01
3.958999999999999742e-01
3.968999999999999750e-01
3.987999999999999878e-01
4.037000000000000033e-01
4.076000000000000179e-01
4.086000000000000187e-01
4.096000000000000196e-01
4.124999999999999778e-01
4.153999999999999915e-01
4.183999999999999941e-01
4.203000000000000069e-01
4.223000000000000087e-01
4.272000000000000242e-01
4.329999999999999960e-01
4.339999999999999969e-01
4.369999999999999996e-01
4.389000000000000123e-01
4.437999999999999723e-01
4.428000000000000269e-01
4.447999999999999732e-01
4.466999999999999860e-01
4.437999999999999723e-01
4.437999999999999723e-01
4.409000000000000141e-01
4.389000000000000123e-01
4.379000000000000115e-01
4.409000000000000141e-01
4.389000000000000123e-01
4.359999999999999987e-01
4.359999999999999987e-01
4.339999999999999969e-01
4.379000000000000115e-01
4.379000000000000115e-01
4.379000000000000115e-01
4.409000000000000141e-01
4.418000000000000260e-01
4.437999999999999723e-01
4.428000000000000269e-01
4.428000000000000269e-01
4.456999999999999851e-01
4.466999999999999860e-01
4.428000000000000269e-01
4.447999999999999732e-01
4.447999999999999732e-01
4.456999999999999851e-01
4.447999999999999732e-01
4.447999999999999732e-01
4.437999999999999723e-01
4.399000000000000132e-01
4.418000000000000260e-01
4.399000000000000132e-01
4.389000000000000123e-01
4.389000000000000123e-01
4.389000000000000123e-01
4.379000000000000115e-01
4.369999999999999996e-01
4.379000000000000115e-01
4.369999999999999996e-01
4.359999999999999987e-01
4.359999999999999987e-01
4.349999999999999978e-01
4.320999999999999841e-01
4.320999999999999841e-01
4.349999999999999978e-01
4.339999999999999969e-01
4.339999999999999969e-01
4.329999999999999960e-01
4.329999999999999960e-01
4.320999999999999841e-01
4.320999999999999841e-01
4.329999999999999960e-01
4.329999999999999960e-01
4.290999999999999814e-01
4.310999999999999832e-01
4.329999999999999960e-01
4.329999999999999960e-01
4.349999999999999978e-01
4.320999999999999841e-01
4.329999999999999960e-01
4.329999999999999960e-01
4.329999999999999960e-01
4.359999999999999987e-01
4.349999999999999978e-01
4.349999999999999978e-01
4.379000000000000115e-01
4.389000000000000123e-01
4.399000000000000132e-01
4.399000000000000132e-01
4.389000000000000123e-01
4.389000000000000123e-01
4.369999999999999996e-01
4.359999999999999987e-01
4.369999999999999996e-01
4.389000000000000123e-01
4.379000000000000115e-01
4.379000000000000115e-01
4.389000000000000123e-01
4.389000000000000123e-01
4.389000000000000123e-01
4.379000000000000115e-01
4.369999999999999996e-01
4.359999999999999987e-01
4.379000000000000115e-01
4.369999999999999996e-01
4.369999999999999996e-01
4.379000000000000115e-01
4.379000000000000115e-01
4.399000000000000132e-01
4.389000000000000123e-01
4.437999999999999723e-01
4.456999999999999851e-01
4.447999999999999732e-01
4.496999999999999886e-01
4.526000000000000023e-01
4.555000000000000160e-01
4.585000000000000187e-01
4.613999999999999768e-01
4.662999999999999923e-01
4.721000000000000196e-01
4.751000000000000223e-01
4.779999999999999805e-01
4.818999999999999950e-01
4.808999999999999941e-01
4.848000000000000087e-01
4.888000000000000123e-01
4.897000000000000242e-01
4.927000000000000268e-01
4.955999999999999850e-01
4.965999999999999859e-01
4.975999999999999868e-01
5.033999999999999586e-01
5.043999999999999595e-01
5.082999999999999741e-01
5.121999999999999886e-01
5.131999999999999895e-01
5.191000000000000059e-01
5.220000000000000195e-01
5.239000000000000323e-01
5.279000000000000359e-01
5.336999999999999522e-01
5.395999999999999686e-01
5.463999999999999968e-01
5.533000000000000140e-01
5.601000000000000423e-01
5.678999999999999604e-01
5.747999999999999776e-01
5.806000000000000050e-01
5.865000000000000213e-01
5.981999999999999540e-01
6.030999999999999694e-01
6.099999999999999867e-01
6.207000000000000295e-01
6.256000000000000449e-01
6.304999999999999494e-01
6.372999999999999776e-01
6.421999999999999931e-01
6.431999999999999940e-01
6.500000000000000222e-01
6.530000000000000249e-01
6.530000000000000249e-01
6.598000000000000531e-01
6.588000000000000522e-01
6.618000000000000549e-01
6.608000000000000540e-01
6.569000000000000394e-01
6.588000000000000522e-01
6.598000000000000531e-01
6.608000000000000540e-01
6.636999999999999567e-01
6.646999999999999575e-01
6.734999999999999876e-01
6.784000000000000030e-01
6.843000000000000194e-01
6.911000000000000476e-01
6.988999999999999657e-01
7.057999999999999829e-01
7.106999999999999984e-01
7.165000000000000258e-01
7.262999999999999456e-01
7.291999999999999593e-01
7.350999999999999757e-01
7.399999999999999911e-01
7.439000000000000057e-01
7.498000000000000220e-01
7.566000000000000503e-01
7.614999999999999547e-01
7.692999999999999838e-01
7.761000000000000121e-01
7.791000000000000147e-01
7.830000000000000293e-01
7.859000000000000430e-01
7.917999999999999483e-01
7.917999999999999483e-01
7.936999999999999611e-01
7.927999999999999492e-01
7.907999999999999474e-01
7.840000000000000302e-01
7.849000000000000421e-01
7.859000000000000430e-01
7.879000000000000448e-01
7.936999999999999611e-01
8.005999999999999783e-01
8.084000000000000075e-01
8.133000000000000229e-01
8.231000000000000538e-01
8.337999999999999856e-01
8.416000000000000147e-01
8.552999999999999492e-01
8.689999999999999947e-01
8.837000000000000410e-01
9.022000000000000020e-01
9.207999999999999519e-01
9.374000000000000110e-01
9.433000000000000274e-01
9.520999999999999464e-01
9.510999999999999455e-01
9.500999999999999446e-01
9.540999999999999481e-01
9.540999999999999481e-01
9.530999999999999472e-01
9.500999999999999446e-01
9.569999999999999618e-01
9.540999999999999481e-01
9.549999999999999600e-01
9.540999999999999481e-01
9.540999999999999481e-01
9.510999999999999455e-01
9.472000000000000419e-01
9.482000000000000428e-01
9.101000000000000201e-01
8.729000000000000092e-01
8.640999999999999792e-01
8.495000000000000329e-01
8.426000000000000156e-01
8.347999999999999865e-01
8.231000000000000538e-01
8.044999999999999929e-01
7.889000000000000457e-01
7.712999999999999856e-01
7.517000000000000348e-01
7.350999999999999757e-01
7.175000000000000266e-01
7.018999999999999684e-01
6.852000000000000313e-01
6.754999999999999893e-01
6.627999999999999448e-01
6.510000000000000231e-01
6.431999999999999940e-01
6.353999999999999648e-01
6.284999999999999476e-01
6.197000000000000286e-01
6.139000000000000012e-01
6.089999999999999858e-01
6.011999999999999567e-01
5.963000000000000522e-01
5.875000000000000222e-01
5.826000000000000068e-01
5.786999999999999922e-01
5.776999999999999913e-01
5.717999999999999750e-01
5.678999999999999604e-01
5.649999999999999467e-01
5.572000000000000286e-01
5.513000000000000123e-01
5.463999999999999968e-01
5.444999999999999840e-01
5.405999999999999694e-01
5.385999999999999677e-01
5.318000000000000504e-01
5.249000000000000332e-01
5.171000000000000041e-01
5.111999999999999877e-01
5.004999999999999449e-01
4.917000000000000259e-01
4.878000000000000114e-01
4.799999999999999822e-01
4.789999999999999813e-01
4.769999999999999796e-01
4.741000000000000214e-01
4.721000000000000196e-01
4.702000000000000068e-01
4.662999999999999923e-01
4.593999999999999750e-01
4.565000000000000169e-01
4.526000000000000023e-01
4.486999999999999877e-01
4.447999999999999732e-01
4.409000000000000141e-01
4.369999999999999996e-01
4.359999999999999987e-01
4.349999999999999978e-01
4.359999999999999987e-01
4.349999999999999978e-01
4.320999999999999841e-01
4.290999999999999814e-01
4.300999999999999823e-01
4.300999999999999823e-01
4.233000000000000096e-01
4.233000000000000096e-01
4.213000000000000078e-01
4.163999999999999924e-01
4.124999999999999778e-01
4.076000000000000179e-01
4.047000000000000042e-01
3.997999999999999887e-01
3.968999999999999750e-01
3.968999999999999750e-01
3.938999999999999724e-01
3.930000000000000160e-01
3.920000000000000151e-01
3.910000000000000142e-01
3.900000000000000133e-01
3.870999999999999996e-01
3.881000000000000005e-01
3.870999999999999996e-01
3.860999999999999988e-01
3.881000000000000005e-01
3.870999999999999996e-01
3.860999999999999988e-01
3.850999999999999979e-01
3.860999999999999988e-01
3.850999999999999979e-01
3.881000000000000005e-01
3.881000000000000005e-01
3.881000000000000005e-01
3.891000000000000014e-01
3.860999999999999988e-01
3.860999999999999988e-01
3.841999999999999860e-01
3.841999999999999860e-01
3.803000000000000269e-01
3.783000000000000251e-01
3.773000000000000242e-01
3.763000000000000234e-01
3.763000000000000234e-01
3.754000000000000115e-01
3.754000000000000115e-01
3.724000000000000088e-01
3.684999999999999942e-01
3.684999999999999942e-01
3.665999999999999814e-01
3.635999999999999788e-01
3.635999999999999788e-01
3.627000000000000224e-01
3.635999999999999788e-01
3.627000000000000224e-01
3.645999999999999797e-01
3.645999999999999797e-01
3.645999999999999797e-01
3.655999999999999805e-01
3.645999999999999797e-01
3.674999999999999933e-01
3.665999999999999814e-01
3.674999999999999933e-01
3.635999999999999788e-01
3.665999999999999814e-01
3.665999999999999814e-01
3.645999999999999797e-01
3.655999999999999805e-01
3.674999999999999933e-01
3.665999999999999814e-01
3.674999999999999933e-01
3.665999999999999814e-01
3.655999999999999805e-01
3.655999999999999805e-01
3.665999999999999814e-01
3.684999999999999942e-01
3.674999999999999933e-01
3.674999999999999933e-01
3.674999999999999933e-01
3.665999999999999814e-01
3.665999999999999814e-01
3.674999999999999933e-01
3.684999999999999942e-01
3.674999999999999933e-01
3.684999999999999942e-01
3.684999999999999942e-01
3.674999999999999933e-01
3.674999999999999933e-01
3.674999999999999933e-01
3.665999999999999814e-01
3.684999999999999942e-01
3.684999999999999942e-01
3.665999999999999814e-01
3.684999999999999942e-01
3.665999999999999814e-01
3.665999999999999814e-01
3.627000000000000224e-01
3.635999999999999788e-01
3.635999999999999788e-01
3.607000000000000206e-01
3.587000000000000188e-01
3.617000000000000215e-01
3.607000000000000206e-01
3.607000000000000206e-01
3.597000000000000197e-01
3.617000000000000215e-01
3.597000000000000197e-01
3.607000000000000206e-01
3.587000000000000188e-01
3.607000000000000206e-01
3.587000000000000188e-01
3.617000000000000215e-01
3.597000000000000197e-01
3.607000000000000206e-01
3.627000000000000224e-01
3.635999999999999788e-01
3.635999999999999788e-01
3.655999999999999805e-01
3.635999999999999788e-01
3.645999999999999797e-01
3.645999999999999797e-01
3.635999999999999788e-01
3.627000000000000224e-01
3.635999999999999788e-01
3.617000000000000215e-01
3.607000000000000206e-01
3.578000000000000069e-01
3.578000000000000069e-01
3.568000000000000060e-01
3.578000000000000069e-01
3.568000000000000060e-01
3.607000000000000206e-01
3.607000000000000206e-01
3.597000000000000197e-01
3.655999999999999805e-01
3.694999999999999951e-01
